5                                        
20 5                                     
16                                       
0 0 1 0 0 0 0 0 3 0 4 5 4 3 4 2         
8                                        
19 6 18 8 16 1 3 5                        
8                                         
19 18 16 1 8 6 5 3                        
20 11                                     
12
0 0 0 5 4 0 2 2 0 3 0 5
6
13 12 18 1 19 0
6
12 18 13 1 19 0
20 4
17
0 0 4 0 5 0 0 0 0 0 0 3 2 4 5 3 5
9
18 4 14 19 6 0 17 1 7
8
4 14 7 6 1 17 0 18
20 15
10
0 5 0 5 0 4 0 3 0 1
5
12 19 16 14 9
5
12 19 16 14 9
20 8
12
0 0 0 5 0 3 0 0 0 5 1 3
7
2 19 4 8 10 17 9
5
19 8 9 2 4