2
19
1 7336 2 39 20190414
1 7061 8 44 20180503
1 6794 3 2 20180628
1 3693 9 84 20200821
3 20190506
2 2 6794
2 0 20190525
3 20190225
3 20181203
2 1 20190412
1 5751 1 15 20180315
3 20190104
3 20190804
2 1 20181202
3 20180120
2 0 20180428
3 20190512
3 20190318
2 0 20190816
13
1 8410 2 10 20190519
1 3756 1 12 20181011
1 6175 1 94 20191211
1 5360 9 61 20190508
1 422 0 45 20181002
3 20180107
1 8644 6 13 20181010
2 0 20180812
3 20200630
2 1 20180815
3 20181114
2 1 20181010
3 20180608